=== training corpora (per 1,000 chars) ===
lang  total     .     ,     -     :     «     »     "     '     (     )     !     ?     ;     –     —
tr     41.9  9.84  5.73  1.42  1.43  0.00  0.02  0.43  0.71  1.24  1.30  0.35  0.51  0.33  0.15  0.02
az     47.2  8.22  6.54  3.33  2.01  0.06  0.10  1.29  0.14  1.16  1.19  0.28  0.27  0.26  0.71  0.07
kk     50.8 10.50  7.01  3.81  1.22  1.80  1.92  0.80  0.17  1.05  1.24  0.22  0.26  0.52  0.67  0.20
ky     49.4  8.98  7.56  4.18  1.31  0.63  0.65  0.73  0.11  1.55  1.61  0.32  0.41  0.39  0.52  0.22
uz     47.7 10.16  9.77  3.56  1.00  0.18  0.19  0.65  0.18  1.45  1.53  0.21  0.38  0.54  0.43  1.04
ug     30.5  5.76  0.16  3.70  1.82  1.17  1.13  0.16  0.03  0.69  0.70  0.23  0.03  0.13  0.76  0.03
fi     51.1  9.79  6.77  3.39  2.18  0.02  0.04  0.84  0.00  1.80  1.89  0.48  0.44  0.14  0.48  0.01

=== perception texts (per 1,000 chars) ===
lang  total     .     ,     -     :     «     »     "     '     (     )     !     ?     ;     –     —
tr     25.0 12.11  7.03  0.00  0.78  0.00  0.00  0.00  0.00  0.00  0.00  0.20  0.20  0.00  0.00  0.00
az     26.9 12.73  7.48  0.61  0.81  0.00  0.00  0.00  0.00  0.00  0.00  0.20  0.20  0.00  0.00  0.00
kk     27.4 12.60  5.00  3.20  0.80  0.00  0.00  0.00  0.00  0.00  0.00  0.20  0.20  0.00  0.60  0.00
ky     28.8 12.09  7.68  3.07  0.96  0.00  0.00  0.00  0.00  0.00  0.00  0.19  0.19  0.00  0.00  0.00
uz     27.1 11.80  6.51  1.63  1.02  0.00  0.00  0.00  0.00  0.00  0.00  0.00  0.20  0.00  0.00  0.00
ug     25.9 10.65  8.42  1.72  0.69  0.00  0.00  0.00  0.00  0.00  0.00  0.00  0.17  0.17  0.00  0.00
fi     32.0 13.65 10.97  0.45  1.12  0.00  0.00  0.00  0.00  0.00  0.00  0.22  0.22  0.00  0.00  0.00